"id","t","n1","e1","h1","v1","ψ1","n2","e2","h2","v2","ψ2"
1,0,-8663.356343901081,334.6189855606664,8273.006246536497,280.548,-13.715783000000005,2172.6419947992413,-4228.932261893066,1685.3174490867889,156.281,200.15960299999992
1,1,-8470.635911654446,381.65540917758483,8074.628853288174,280.548,-12.986118000000005,2025.9353555932234,-4175.072137739151,1685.3174490867889,154.82377,203.0110329999999
1,2,-8277.33211172748,426.23377933392,7876.25146003985,280.548,-12.256453000000006,1883.4309754667102,-4114.550229294595,1685.3174490867889,153.36654,205.8624629999999
1,3,-8083.476294029339,468.3468663329183,7677.874066791526,280.548,-11.526788000000005,1745.4250523659816,-4047.6498497688603,1685.3174490867889,151.90930999999998,208.71389299999993
1,4,-7889.099897995135,507.98784029615905,7479.496673543203,280.548,-10.797123000000006,1612.1960767005557,-3974.6671223066905,1685.3174490867889,150.45207999999997,211.56532299999992
1,5,-7694.2344474871015,545.1502722712198,7281.119280294879,280.548,-10.067458000000006,1484.0042983432368,-3895.9099236648235,1685.3174490867889,148.99484999999996,214.41675299999991
1,6,-7498.91154568207,579.8281352743232,7082.741887046555,280.548,-9.337793000000005,1361.0912546747822,-3811.6968069746126,1685.3174490867889,147.53761999999995,217.50006299999993
1,7,-7303.162869946084,612.0158052677864,6884.364493798232,280.548,-8.608128000000006,1244.0418897862185,-3721.8814658883143,1685.3174490867889,146.08038999999994,220.5833729999999
1,8,-7107.020166696983,641.7080620721263,6685.987100549908,280.548,-7.878463000000006,1133.0996581908555,-3626.8483054063386,1685.3174490867889,144.62315999999993,223.66668299999992
1,9,-6910.515246255779,668.9000902126662,6487.609707301584,280.548,-7.148798000000006,1028.4837814353486,-3526.991524269241,1685.3174490867889,143.16592999999992,226.74999299999993
1,10,-6713.67997768768,693.5874797005065,6289.232314053261,280.548,-6.364025000000006,930.3889086651446,-3422.713628965574,1685.3174490867889,141.7086999999999,229.83330299999992
1,11,-6516.525042945327,715.5766101685066,6090.854920804937,280.548,-5.579252000000006,838.9848664457828,-3314.423940067457,1685.3174490867889,140.2514699999999,232.91661299999993
1,12,-6319.08742856846,734.8633564252334,5892.4775275566135,280.548,-4.794479000000006,754.4164976570588,-3202.5370961689214,1685.3174490867889,138.7942399999999,235.9999229999999
1,13,-6121.404174127909,751.4441002502863,5694.10013430829,280.548,-4.009706000000007,676.8035889693942,-3087.4715606588575,1685.3174490867889,137.33700999999988,239.08323299999992
1,14,-5923.51236527692,765.315731073083,5495.722741059966,280.548,-0.9005660000000066,606.2408861082137,-2969.648136499377,1685.3174490867889,135.87977999999987,242.1665429999999
1,15,-5725.159476146348,768.4336671781022,5297.345347811643,280.548,2.2085739999999934,542.7981958138447,-2849.488494102018,1685.3174490867889,134.42254999999986,244.16317299999992
1,16,-5526.929445422654,760.7887295535256,5098.967954563319,280.548,5.317713999999992,484.2155457699617,-2728.502978182391,1685.3174490867889,132.96531999999985,246.15980299999993
1,17,-5329.405850104722,742.403424424768,4900.590561314995,280.548,5.681596999999993,430.47267798174573,-2606.8827476095103,1685.3174490867889,131.50808999999984,248.15643299999994
1,18,-5132.003001782824,722.7640347600709,4702.213168066672,280.548,6.045479999999994,381.54197145988127,-2484.8165209343188,1685.3174490867889,130.05085999999983,250.15306299999992
1,19,-4934.7288626045465,701.8713527046356,4503.835774818348,280.548,6.4093629999999955,337.3885885356622,-2362.4902974044194,1685.3174490867889,128.59362999999982,252.14969299999993
1,20,-4737.591389526054,679.7262209545993,4305.458381570024,280.548,6.773245999999997,297.97063160672644,-2240.0870852401736,1685.3174490867889,127.13639999999982,254.14632299999994
1,21,-4540.598533991149,656.3295327230488,4107.080988321702,280.548,7.137128999999998,263.23930998412243,-2117.7866375578074,1685.3174490867889,125.67916999999983,256.1429529999999
1,22,-4343.75824161056,631.6822317039898,3908.703595073378,280.548,7.402265999999997,233.13911649729414,-1995.7651963110154,1685.3174490867889,124.22193999999983,258.13958299999996
1,23,-4147.034112097706,606.1243166988429,3710.3262018250543,280.548,7.667402999999997,207.60801350004343,-1874.1952446078608,1685.3174490867889,122.76470999999984,261.29644299999995
1,24,-3950.430358072427,579.6563350008154,3511.9488085767307,280.548,7.932539999999996,189.030989096175,-1752.8442323101376,1685.3174490867889,121.30747999999984,261.61106399999994
1,25,-3753.9511895768537,552.2788533911403,3313.571415328407,280.548,8.469015999999996,171.33319893261302,-1632.8346788267716,1685.3174490867889,119.85024999999985,261.92568499999993
1,26,-3557.736972845115,523.0629107510323,3115.1940220800834,280.548,9.005491999999997,154.49934415873236,-1514.1725376084607,1685.3174490867889,118.39301999999985,262.2403059999999
1,27,-3361.804910023207,492.0110684489748,2916.8166288317598,280.548,9.541967999999997,138.5140872916435,-1396.8636345038217,1685.3174490867889,116.93578999999986,262.55492699999996
1,28,-3166.1721785206278,459.1260488072018,2718.439235583436,280.548,10.078443999999998,123.36205315643757,-1280.9136675159452,1685.3174490867889,115.47855999999986,262.86954799999995
1,29,-2970.8559295044292,424.41073486302975,2520.0618423351125,280.548,10.078443999999998,109.02782982793164,-1166.32820656543,1685.3174490867889,114.02132999999986,263.18416899999994
1,30,-2775.539680488231,389.6954209188577,2321.684449086789,280.548,10.078443999999998,95.49596957387271,-1053.1126932599052,1685.3174490867889,112.56409999999987,263.49879
1,31,-2499.320792177682,340.60055311697,2321.684449086789,280.548,10.078443999999998,82.75098979955948,-941.2724406700514,1685.3174490867889,111.10686999999987,263.813411
1,32,-2223.101903867134,291.5056853150823,2321.684449086789,280.548,10.078443999999998,70.77737399383457,-830.8126331121267,1685.3174490867889,109.64963999999988,264.12803199999996
1,33,-1946.883015556585,242.4108175131946,2321.684449086789,280.548,10.078443999999998,59.5595726764083,-721.7383259370071,1685.3174490867889,108.19240999999988,264.44265299999995
1,34,-1670.6641272460363,193.31594971130687,2321.684449086789,280.548,9.307562999999998,49.082004346468,-614.0544453257498,1685.3174490867889,106.73517999999989,264.75727399999994
1,35,-1393.8097166645616,147.94177593828823,2321.684449086789,280.548,8.536681999999999,39.32905643253384,-507.76578809168495,1685.3174490867889,105.27794999999989,265.071895
1,36,-1116.3698995713617,106.29650975722396,2321.684449086789,280.548,7.765801,30.28508624351194,-402.87702148904737,1685.3174490867889,103.8207199999999,265.386516
1,37,-838.3948976950236,68.3876897300878,2321.684449086789,280.548,6.9949200000000005,21.934421920906907,-299.3926830281501,1685.3174490867889,102.3634899999999,265.70113699999996
1,38,-559.9350296424597,34.22217805312265,2321.684449086789,280.548,4.66328,14.261363392149118,-197.31718029711118,1685.3174490867889,100.9062599999999,266.015758
1,39,-280.31572900787364,11.413692425508222,2321.684449086789,280.548,2.33164,7.250183324991706,-96.65479079013838,1685.3174490867889,99.44902999999991,266.330379
1,40,0.0,-0.0,2321.684449086789,280.548,0.0,0.885128082937076,2.59033825762122,1685.3174490867889,97.99179999999991,266.645
1,41,280.54799999999926,-2.2007138907375416e-13,2321.684449086789,280.548,-2.33164,-4.84958131835349,100.41419002866283,1685.3174490867889,96.53456999999992,266.95962099999997
1,42,560.8637290078734,11.413692425508094,2321.684449086789,280.548,-4.66328,-9.969748253709126,196.8128782751271,1685.3174490867889,95.07733999999992,267.27424199999996
1,43,840.4830296424599,34.22217805312265,2321.684449086789,280.548,-6.9949200000000005,-14.491199530199125,291.7826474642219,1685.3174490867889,93.62010999999993,267.588863
1,44,1118.9428976950232,68.3876897300878,2321.684449086789,280.548,-9.64323,-18.42978442803024,385.31987291705775,1685.3174490867889,92.16287999999993,267.903484
1,45,1395.5267343780017,115.38302555954675,2321.684449086789,280.548,-12.291540000000001,-21.801373740632094,477.4210609408912,1685.3174490867889,90.70564999999993,268.218105
1,46,1669.6437378357166,175.10780031310264,2321.684449086789,280.548,-14.93985,-24.62185881397504,568.08284895477,1685.3174490867889,89.24841999999994,268.532726
1,47,1940.7083755357628,247.4344378164669,2321.684449086789,280.548,-17.588160000000002,-26.907150585165468,657.3020056085792,1685.3174490867889,87.79118999999994,268.847347
1,48,2208.1416350062523,332.2084434608272,2321.684449086789,280.548,-20.23647,-28.673178620359074,745.0754308954793,1685.3174490867889,86.33395999999995,270.330407
1,49,2471.3722606457727,429.2487342138249,2321.684449086789,280.548,-22.88478,-28.175320194065723,831.4079553938916,1685.3174490867889,84.87672999999995,271.813467
1,50,2729.8379739641427,538.3480254252074,2321.684449086789,280.548,-25.53309,-25.489337871637172,916.24217487198,1685.3174490867889,83.41949999999996,273.29652699999997
1,51,2982.986674647444,659.2732736009164,2321.684449086789,280.548,-25.53309,-20.692423645663776,999.5236409623328,1685.3174490867889,83.41949999999996,273.29652699999997
2,0,-5308.650440000004,-0.0,538.8343434403724,145.52,0.0,2506.090364981827,1300.967242782691,398.9033434403724,70.9398,141.190995
2,1,-5163.130440000004,-0.0,538.8343434403724,144.86339800000002,0.0,2450.811272549236,1256.5074051326383,398.9033434403724,70.9398,141.872063
2,2,-5018.267042000004,-0.0,538.8343434403724,144.20679600000003,0.0,2395.0076092141026,1212.7077888966587,398.9033434403724,70.9398,142.55313099999998
2,3,-4874.060246000004,-0.0,538.8343434403724,143.55019400000003,0.0,2338.6872598236387,1169.574582795372,398.9033434403724,70.9398,143.234199
2,4,-4730.510052000004,-0.0,538.8343434403724,142.89359200000004,0.0,2281.8581822308474,1127.113881388159,398.9033434403724,70.9398,143.915267
2,5,-4587.616460000004,-0.0,538.8343434403724,142.23699000000005,0.0,2224.528406170108,1085.3316842120228,398.9033434403724,70.9398,144.59633499999998
2,6,-4445.3794700000035,-0.0,538.8343434403724,141.58038800000006,0.0,2166.706032122607,1044.2338949338773,398.9033434403724,70.9398,145.277403
2,7,-4303.799082000003,-0.0,538.8343434403724,140.92378600000006,0.0,2108.3992301717662,1003.8263205163813,398.9033434403724,70.9398,145.95847099999997
2,8,-4162.875296000004,-0.0,538.8343434403724,140.26718400000007,0.0,2049.616238848847,964.114670397436,398.9033434403724,70.9398,146.63953899999998
2,9,-4022.6081120000035,-0.0,538.8343434403724,139.61058200000008,0.0,1990.3653639688698,925.1045556834631,398.9033434403724,70.9398,147.320607
2,10,-3882.9975300000033,-0.0,538.8343434403724,138.9539800000001,0.0,1930.6549774570408,886.8014883565776,398.9033434403724,70.9398,148.00167499999998
2,11,-3744.0435500000035,-0.0,538.8343434403724,138.2973780000001,0.0,1870.493516165824,849.2108804957635,398.9033434403724,70.9398,148.682743
2,12,-3605.7461720000033,-0.0,538.8343434403724,137.6407760000001,0.0,1809.889480682852,812.3380435121704,398.9033434403724,70.9398,149.363811
2,13,-3468.105396000003,-0.0,538.8343434403724,136.9841740000001,0.0,1748.8514341298192,776.188187398628,398.9033434403724,70.9398,150.04487899999998
2,14,-3331.121222000003,-0.0,538.8343434403724,136.32757200000012,0.0,1687.3880009525494,740.766419993496,398.9033434403724,70.9398,150.725947
2,15,-3194.793650000003,-0.0,538.8343434403724,135.67097000000012,0.0,1625.5078657023914,706.0777462589444,398.9033434403724,70.9398,151.40701499999997
2,16,-3059.1226800000027,-0.0,538.8343434403724,135.01436800000013,0.0,1563.219771809126,672.1270675737726,398.9033434403724,70.9398,152.08808299999998
2,17,-2924.1083120000026,-0.0,538.8343434403724,134.35776600000014,0.0,1500.5325203455527,638.9191810408612,398.9033434403724,70.9398,152.769151
2,18,-2789.7505460000025,-0.0,538.8343434403724,133.70116400000015,0.0,1437.4549687839296,606.4587788093615,398.9033434403724,70.9398,153.45021899999998
2,19,-2656.0493820000024,-0.0,538.8343434403724,133.04456200000016,0.0,1373.996029744447,574.750447411711,398.9033434403724,70.9398,154.131287
2,20,-2523.0048200000024,-0.0,538.8343434403724,132.38796000000016,0.0,1310.164669735908,543.7986671155743,398.9033434403724,70.9398,154.812355
2,21,-2390.6168600000024,-0.0,538.8343434403724,131.73135800000017,0.0,1245.969907888795,513.6078112907979,398.9033434403724,70.9398,155.49342299999998
2,22,-2258.8855020000024,-0.0,538.8343434403724,131.07475600000018,0.0,1181.4208146808987,484.18214579147025,398.9033434403724,70.9398,156.174491
2,23,-2127.8107460000024,-0.0,538.8343434403724,130.4181540000002,0.0,1116.526510655696,455.5258283531717,398.9033434403724,70.9398,156.85555899999997
2,24,-1997.392592000002,-0.0,538.8343434403724,129.7615520000002,0.0,1051.2961651336498,427.6429080055022,398.9033434403724,70.9398,157.53662699999998
2,25,-1867.6310400000016,-0.0,538.8343434403724,129.1049500000002,0.0,985.7389949166202,400.53732449996977,398.9033434403724,70.9398,157.867
2,26,-1738.5260900000012,-0.0,538.8343434403724,128.4483480000002,0.0,920.0266219676251,373.81019847691584,398.9033434403724,70.9398,157.867
2,27,-1610.0777420000009,-0.0,538.8343434403724,127.7917460000002,0.0,854.3142490186302,347.0830724538619,398.9033434403724,70.9398,157.867
2,28,-1482.2859960000005,-0.0,538.8343434403724,127.1351440000002,0.0,788.6018760696352,320.355946430808,398.9033434403724,70.9398,157.867
2,29,-1355.1508520000002,-0.0,538.8343434403724,126.47854200000019,0.0,722.8895031206403,293.6288204077542,398.9033434403724,70.9398,157.867
2,30,-1228.67231,-0.0,538.8343434403724,125.82194000000018,0.0,657.1771301716454,266.90169438470036,398.9033434403724,70.9398,157.867
2,31,-1102.85037,-0.0,538.8343434403724,125.16533800000018,0.0,591.4647572226504,240.17456836164652,398.9033434403724,70.9398,157.867
2,32,-977.6850320000003,-0.0,538.8343434403724,124.50873600000017,0.0,525.7523842736555,213.4474423385926,398.9033434403724,70.9398,157.867
2,33,-853.1762960000005,-0.0,538.8343434403724,123.85213400000016,0.0,460.0400113246605,186.7203163155387,398.9033434403724,70.9398,157.867
2,34,-729.3241620000008,-0.0,538.8343434403724,123.19553200000016,0.0,394.3276383756655,159.9931902924848,398.9033434403724,70.9398,157.867
2,35,-606.1286300000011,-0.0,538.8343434403724,122.53893000000015,0.0,328.6152654266705,133.2660642694309,398.9033434403724,70.9398,157.867
2,36,-483.58970000000136,-0.0,538.8343434403724,121.88232800000014,0.0,262.9028924776755,106.53893824637699,398.9033434403724,70.9398,157.867
2,37,-361.70737200000167,-0.0,538.8343434403724,121.22572600000014,0.0,197.1905195286805,79.81181222332309,398.9033434403724,70.9398,157.867
2,38,-240.4816460000011,-0.0,538.8343434403724,120.56912400000013,0.0,131.47814657968556,53.08468620026914,398.9033434403724,70.9398,157.867
2,39,-119.91252200000054,-0.0,538.8343434403724,119.91252200000012,0.0,65.76577363069057,26.35756017721524,398.9033434403724,70.9398,157.867
2,40,0.0,-0.0,538.8343434403724,119.25592000000012,0.0,0.05340068169559265,-0.3695658458386624,398.9033434403724,70.9398,157.867
2,41,119.25592000000051,-0.0,538.8343434403724,118.59931800000011,0.0,-65.65897226729939,-27.096691868892563,398.9033434403724,70.9398,157.867
2,42,237.855238000001,-0.0,538.8343434403724,117.9427160000001,0.0,-131.37134521629437,-53.82381789194647,398.9033434403724,70.9398,157.867
2,43,355.7979540000015,-0.0,538.8343434403724,117.2861140000001,0.0,-197.08371816528935,-80.55094391500037,398.9033434403724,70.9398,157.867
2,44,473.08406800000193,-0.0,538.8343434403724,116.62951200000009,0.0,-262.7960911142843,-107.27806993805427,398.9033434403724,70.9398,157.867
2,45,589.7135800000024,-0.0,538.8343434403724,115.97291000000008,0.0,-328.5084640632793,-134.00519596110814,398.9033434403724,70.9398,157.867
2,46,705.6864900000028,-0.0,538.8343434403724,115.31630800000008,0.0,-394.2208370122743,-160.73232198416207,398.9033434403724,70.9398,157.867
2,47,821.0027980000032,-0.0,538.8343434403724,114.65970600000007,0.0,-459.9332099612693,-187.45944800721594,398.9033434403724,70.9398,157.867
2,48,935.6625040000035,-0.0,538.8343434403724,114.00310400000006,0.0,-525.6455829102642,-214.18657403026987,398.9033434403724,70.9398,157.867
2,49,1049.6656080000039,-0.0,538.8343434403724,113.34650200000006,0.0,-591.3579558592593,-240.9137000533238,398.9033434403724,70.9398,157.867
2,50,1163.0121100000042,-0.0,538.8343434403724,112.68990000000005,0.0,-657.0703288082542,-267.64082607637766,398.9033434403724,70.9398,157.867
2,51,1275.7020100000045,-0.0,538.8343434403724,112.68990000000005,0.0,-722.7827017572492,-294.3679520994316,398.9033434403724,70.9398,157.867
3,0,-8659.849525956113,-699.9977077647128,1138.3925394178445,217.67,-13.403691,5492.8430638572945,3405.308735182425,480.63253941784455,161.736,150.96249400000002
3,1,-8448.108650629767,-649.5395011375173,1138.3925394178445,217.67,-12.762595000000001,5351.436929408505,3326.804984722647,480.63253941784455,161.736,150.96249400000002
3,2,-8235.816453036097,-601.4536223283463,1138.3925394178445,217.67,-12.121499,5210.030794959717,3248.301234262869,480.63253941784455,161.736,150.96249400000002
3,3,-8022.999511669229,-555.746091578462,1138.3925394178445,217.67,-11.480403,5068.624660510929,3169.797483803091,480.63253941784455,161.736,150.96249400000002
3,4,-7809.684470720005,-512.4226313654282,1138.3925394178445,217.67,-10.839307,4927.21852606214,3091.2937333433124,480.63253941784455,161.736,150.96249400000002
3,5,-7595.898036740179,-471.4886656866671,1138.3925394178445,217.67,-10.198211,4785.812391613351,3012.789982883534,480.63253941784455,161.736,150.03567
3,6,-7381.666975298835,-432.9493193803925,1138.3925394178445,217.67,-9.557115,4645.694588957077,2932.0091988146896,480.63253941784455,161.736,149.10884600000003
3,7,-7167.018107631386,-396.80941748398664,1138.3925394178445,217.67,-8.916019,4506.901781526128,2848.9725183569826,480.63253941784455,161.736,148.45598900000002
3,8,-6951.9783072816235,-363.0734846299187,1138.3925394178445,217.67,-8.274923000000001,4369.064125390557,2764.35978735832,480.63253941784455,161.736,148.45598900000002
3,9,-6736.574496737209,-331.74574447927233,1138.3925394178445,217.67,-7.633827,4231.226469254985,2679.7470563596576,480.63253941784455,161.736,148.45598900000002
3,10,-6520.8336440590465,-302.83011919295114,1138.3925394178445,217.67,-6.992731,4093.388813119414,2595.1343253609944,480.63253941784455,161.736,148.45598900000002
3,11,-6304.782759504932,-276.3302289406343,1138.3925394178445,217.67,-6.351635,3955.5511569838427,2510.521594362332,480.63253941784455,161.736,149.29341700000003
3,12,-6088.448892147942,-252.24939144753924,1138.3925394178445,217.67,-5.710539,3816.4915781490777,2427.9324471921523,480.63253941784455,161.736,150.13084500000002
3,13,-5871.859126489951,-230.59062157905083,1138.3925394178445,217.67,-5.069443,3676.2397825256735,2347.384526546049,480.63253941784455,161.736,150.13084500000002
3,14,-5655.040579070706,-211.356630963265,1138.3925394178445,217.67,-4.335941,3535.9879869022693,2266.836605899946,480.63253941784455,161.736,150.13084500000002
3,15,-5437.99357150227,-194.89985711212734,1138.3925394178445,217.67,-3.6024390000000004,3395.7361912788656,2186.288685253843,480.63253941784455,161.736,150.13084500000002
3,16,-5220.753675532974,-181.22299711980267,1138.3925394178445,217.67,-2.8689370000000007,3255.484395655462,2105.74076460774,480.63253941784455,161.736,150.13084500000002
3,17,-5003.356494523552,-170.328292481473,1138.3925394178445,217.67,-2.135435000000001,3115.232600032058,2025.1928439616372,480.63253941784455,161.736,150.13084500000002
3,18,-4785.837657612119,-162.21752872597705,1138.3925394178445,217.67,-2.135435000000001,2974.9808044086544,1944.644923315534,480.63253941784455,161.736,150.13084500000002
3,19,-4568.318820700687,-154.1067649704811,1138.3925394178445,217.67,-2.135435000000001,2834.7290087852507,1864.097002669431,480.63253941784455,161.736,150.13084500000002
3,20,-4350.799983789254,-145.9960012149854,1138.3925394178445,217.67,-2.135435000000001,2694.477213161847,1783.549082023328,480.63253941784455,161.736,150.13084500000002
3,21,-4133.281146877822,-137.88523745948967,1138.3925394178445,217.67,-2.135435000000001,2554.225417538443,1703.001161377225,480.63253941784455,161.736,150.13084500000002
3,22,-3915.762309966389,-129.77447370399383,1138.3925394178445,217.67,-2.135435000000001,2413.9736219150395,1622.4532407311222,480.63253941784455,161.736,150.13084500000002
3,23,-3698.243473054956,-121.66370994849812,1138.3925394178445,217.67,-2.135435000000001,2273.721826291636,1541.905320085019,480.63253941784455,161.736,149.27173200000001
3,24,-3480.724636143523,-113.5529461930024,1138.3925394178445,217.67,-2.135435000000001,2134.6935153142117,1459.2635483060653,480.63253941784455,161.736,148.412619
3,25,-3263.2057992320906,-105.44218243750657,1138.3925394178445,217.67,-2.135435000000001,1996.9199462083097,1374.5465054408826,480.63253941784455,161.736,147.55350600000003
3,26,-3045.686962320658,-97.33141868201085,1138.3925394178445,217.67,-2.135435000000001,1860.4320941004557,1287.7732381116837,480.63253941784455,161.736,147.55350600000003
3,27,-2828.1681254092255,-89.22065492651514,1138.3925394178445,217.67,-2.135435000000001,1723.9442419926015,1200.9999707824848,480.63253941784455,161.736,147.55350600000003
3,28,-2610.649288497793,-81.10989117101941,1138.3925394178445,217.67,-2.135435000000001,1587.4563898847473,1114.2267034532858,480.63253941784455,161.736,147.55350600000003
3,29,-2393.13045158636,-72.99912741552359,1138.3925394178445,217.67,-2.135435000000001,1450.9685377768933,1027.453436124087,480.63253941784455,161.736,147.55350600000003
3,30,-2175.6116146749273,-64.88836366002786,1138.3925394178445,217.67,-2.135435000000001,1314.480685669039,940.6801687948879,480.63253941784455,161.736,147.03642900000003
3,31,-1958.0927777634945,-56.777599904532146,1138.3925394178445,217.67,-2.135435000000001,1178.7814834000633,852.6786904006951,480.63253941784455,161.736,146.51935200000003
3,32,-1740.573940852062,-48.66683614903637,1138.3925394178445,217.67,-2.135435000000001,1043.881982935529,763.4561681856225,480.63253941784455,161.736,145.91305800000004
3,33,-1523.0551039406291,-40.55607239354065,1138.3925394178445,217.67,-2.135435000000001,909.9341547230957,672.8111847989377,480.63253941784455,161.736,145.30676400000002
3,34,-1305.5362670291966,-32.44530863804488,1138.3925394178445,217.67,-2.135435000000001,776.9529974379444,580.753890122731,480.63253941784455,161.736,144.70047000000002
3,35,-1088.017430117764,-24.33454488254905,1138.3925394178445,217.67,-2.135435000000001,644.9534015132396,487.29459218124924,480.63253941784455,161.736,144.09417600000003
3,36,-870.4985932063312,-16.223781127053194,1138.3925394178445,217.67,-1.7083480000000009,513.9501474727854,392.4437559866636,480.63253941784455,161.736,143.487882
3,37,-652.9253416147465,-9.73462926682304,1138.3925394178445,217.67,-1.2812610000000006,383.95790427599104,296.21200236726037,480.63253941784455,161.736,142.88158800000002
3,38,-435.3097643584153,-4.867449858389406,1138.3925394178445,217.67,-0.8541740000000004,254.99122767533083,198.61010677818487,480.63253941784455,161.736,142.27529400000003
3,39,-217.6639528044824,-1.6225133366813134,1138.3925394178445,217.67,-0.4270870000000002,127.06455858647635,99.6489980948703,480.63253941784455,161.736,141.669
3,40,0.0,-0.0,1138.3925394178445,217.67,0.0,0.19222147129010583,-0.6602426107122041,480.63253941784455,161.736,141.669
3,41,217.67000000000016,1.598208967783023e-14,1138.3925394178445,217.67,0.4270870000000002,-126.68011564389613,-100.9694833162947,480.63253941784455,161.736,141.669
3,42,435.3339528044835,-1.6225133366815045,1138.3925394178445,217.67,0.8541740000000004,-253.55245275908237,-201.2787240218772,480.63253941784455,161.736,141.669
3,43,652.9797643584155,-4.867449858389836,1138.3925394178445,217.67,1.2812610000000006,-380.42478987426864,-301.5879647274597,480.63253941784455,161.736,141.669
3,44,870.5953416147461,-9.73462926682358,1138.3925394178445,217.67,1.7083480000000009,-507.29712698945485,-401.8972054330422,480.63253941784455,161.736,141.669
3,45,1088.1685932063301,-16.223781127053844,1138.3925394178445,217.67,2.135435000000001,-634.1694641046412,-502.2064461386247,480.63253941784455,161.736,141.669
3,46,1305.6874301177622,-24.33454488254991,1138.3925394178445,217.67,2.5625220000000013,-761.0418012198274,-602.5156868442072,480.63253941784455,161.736,141.669
3,47,1523.139766357079,-34.06646987521252,1138.3925394178445,217.67,2.9896089999999997,-887.9141383350137,-702.8249275497897,480.63253941784455,161.736,141.669
3,48,1740.5135196272925,-45.41901537041376,1138.3925394178445,217.67,3.416696,-1014.7864754501999,-803.1341682553722,480.63253941784455,161.736,141.669
3,49,1957.796611997715,-58.39155058704293,1138.3925394178445,217.67,3.843783,-1141.658812565386,-903.4434089609548,480.63253941784455,161.736,141.669
3,50,2174.9769705750487,-72.9833547325535,1138.3925394178445,217.67,4.27087,-1268.5311496805723,-1003.7526496665373,480.63253941784455,161.736,141.669
3,51,2392.0425281741896,-89.19361704301318,1138.3925394178445,217.67,4.27087,-1395.4034867957585,-1104.06189037212,480.63253941784455,161.736,141.669
